36028939030249472
648554084768416272
180152849915715584
1188955250770315264
432382947764470816
2449976012832899080
72173042767495680
144117400604787076
288793473241383044
70437467922432
5801199553475518595
1190357814216819464
563121824596000
1153484463167513712
2342434774037234176
2307250453900037376
76843768698896448
38351240723439616
58551743495147648
577597648401465376
146649562445512720
10141900087493696
2326567821905921
9572348504637572
5800636613184724992
290517370001707008
324294361841991696
4503741361881172
5803175096697751552
88384250789774376
17712449394706
2306134457104482964
2413940670268973057
5787134454707257409
2017685750887228928
576469617132708096
18295907862712356
306807810547528008
72902036198261248
2306507115344177289
1621296003296542720
291680781347078146
144152572553461778
577597648401465376
563121824596000
563019344117764
1130306543354112
1152924804224253956
1153238713715720960
576531121593193216
2494995577082938112
576469617132708096
576760923406992640
564376154669568
2342434774037234176
2307250453900037376
2324421182620705026
2324421182620705026
2305852428613910593
297273860498395137
144678172659884034
577023809699203202
1173260305075011716
19425210449264914
