234188298439492640
4613955449122783872
1693389674252288
290517773728088080
1130435392373514
2644184882003058696
73185727395135520
74593626467992080
298367942113362178
162134277295964524
648817417832898656
5764629530489127044
123729958928384
73185727395135520
2343002108548227368
72129066606527240
1170936109308838170
72622262448554624
166633770867367970
2251864259231744
37154705550409732
4611721246018635776
5084142925531144
576742297245462528
5802923304425627920
605789404703760898
4693877811943899168
577586927155347459
2307251483878375424
4631178990600654849
2311476975799179520
2323928051362105344
28187217801249604
1139179962896480
18049737500919808
21994664100096
633868991463936
9011683335880960
2505127851083436302
324822677209097216
146371404273820192
360674374977536
70523379781632
9008436607990016
88106967500816
680615908540022912
24778697128022656
36312479642419272
73185727395135520
72656845090590736
4620711376814473216
437412114354145313
36644933862449
1154117781914977412
6773610673360928
4613955449122783872
74593626467992080
72129066606527240
373807595238482944
333583031808099328
146366993527079424
1297063686888227329
298367942113362178
234188298439492640
