4791830278442061856
18014742111068160
72092782706035008
4071262860653694976
1153203530413645840
216173881668141064
288235358470014468
36029072484073600
5188428384228607232
2308165179113873408
5348110993785920
3607664845236869216
577023745207567648
74872361018470424
294141368261956096
576742300295119266
2341874280303692098
297237850553082176
576815894844940288
22554282440003584
1226387573317109760
4902176995049488416
1157429502551328834
3539849098465137697
36048864180445184
288514058744250496
576744499319931456
725097145079707904
577023745207567648
2614903091988800584
328780382173012776
154530320559981569
18028151573577792
37189890982547459
1157425791470932096
1297089473552588808
4547584404230148
74872361018470424
294141368261956096
505538417208070212
180146321578278925
1731722018191065088
288335938948759568
598211639246856
9289017963118612
563020502269960
2323875160031232002
578713175978016804
2306441422787707392
2306441422787707392
1157425791470932096
9293107175620864
4899921892406198528
3659767604054272
2267961361408
1666451571200
2882885403738652806
2882885403738652806
2305851886974017537
37163561739681825
576742510882197509
36591782474024194
288235358470014468
1158062825411780738
